8 2 10 11 3 9 9 15 4 14 9 6 13 3 4 8 SEQ=SHELL
4 2 9 6 3 3 4 8 8 14 10 11 13 9 9 15 INCR=8
3 2 4 6 4 3 9 8 8 9 9 11 13 14 10 15 INCR=4
3 2 4 3 4 6 8 8 9 9 9 11 10 14 13 15 INCR=2
2 3 3 4 4 6 8 8 9 9 9 10 11 13 14 15 INCR=1
8 2 10 11 3 9 9 15 4 14 9 6 13 3 4 8 SEQ=KNUTH
3 2 8 11 3 9 9 15 4 14 9 6 13 8 4 10 INCR=13
3 2 8 11 3 9 9 6 4 8 4 10 13 14 9 15 INCR=4
2 3 3 4 4 6 8 8 9 9 9 10 11 13 14 15 INCR=1
8 2 10 11 3 9 9 15 4 14 9 6 13 3 4 8 SEQ=CIURA
8 2 10 3 3 8 9 15 4 14 9 6 13 11 4 9 INCR=10
3 2 9 3 4 8 9 6 8 11 4 9 13 14 10 15 INCR=4
2 3 3 4 4 6 8 8 9 9 9 10 11 13 14 15 INCR=1
24 18 25 21 16 18 14 6 25 22 12 23 9 8 26 19 9 20 3 2 20 14 4 6 32 17 18 9 14 2 13 12 SEQ=SHELL
9 18 3 2 16 14 4 6 25 17 12 9 9 2 13 12 24 20 25 21 20 18 14 6 32 22 18 23 14 8 26 19 INCR=16
9 17 3 2 9 2 4 6 24 18 12 9 16 14 13 6 25 20 18 21 14 8 14 12 32 22 25 23 20 18 26 19 INCR=8
9 2 3 2 9 17 4 6 16 14 12 6 24 18 13 9 14 8 14 12 25 20 18 21 20 18 25 19 32 22 26 23 INCR=4
3 2 9 2 4 6 9 14 12 6 16 17 13 9 14 8 14 12 24 18 18 20 20 18 25 19 25 21 26 22 32 23 INCR=2
2 2 3 4 6 6 8 9 9 9 12 12 13 14 14 14 16 17 18 18 18 19 20 20 21 22 23 24 25 25 26 32 INCR=1
24 18 25 21 16 18 14 6 25 22 12 23 9 8 26 19 9 20 3 2 20 14 4 6 32 17 18 9 14 2 13 12 SEQ=KNUTH
8 18 19 9 16 3 2 6 14 4 6 23 9 18 9 14 2 13 12 14 20 25 22 12 32 17 24 26 25 21 20 18 INCR=13
8 3 2 6 14 4 6 9 9 18 9 14 2 13 12 14 16 18 19 12 20 17 22 23 25 21 20 18 32 25 24 26 INCR=4
2 2 3 4 6 6 8 9 9 9 12 12 13 14 14 14 16 17 18 18 18 19 20 20 21 22 23 24 25 25 26 32 INCR=1
24 18 25 21 16 18 14 6 25 22 12 23 9 8 26 19 9 20 3 2 20 14 4 6 32 17 18 9 14 2 13 12 SEQ=CIURA
6 18 17 18 9 14 2 6 12 22 12 23 9 8 26 19 9 20 3 2 20 14 4 24 32 25 21 16 18 14 13 25 INCR=23
6 18 9 8 9 14 2 6 3 2 12 14 4 18 26 19 9 16 12 14 13 23 17 24 32 25 21 20 18 22 20 25 INCR=10
6 14 2 6 3 2 9 8 4 18 12 14 9 16 12 14 9 18 17 19 13 23 21 20 18 22 20 24 32 25 26 25 INCR=4
2 2 3 4 6 6 8 9 9 9 12 12 13 14 14 14 16 17 18 18 18 19 20 20 21 22 23 24 25 25 26 32 INCR=1
45 8 2 4 9 45 19 41 25 47 31 4 23 17 50 25 2 4 28 9 29 34 49 32 36 14 16 15 14 37 26 20 16 45 30 2 18 46 6 5 2 49 39 24 6 33 3 17 17 38 SEQ=SHELL
14 8 2 4 9 26 19 16 25 30 2 4 23 6 5 2 2 4 24 6 29 3 17 17 36 45 16 15 14 37 45 20 41 45 47 31 18 46 17 50 25 49 39 28 9 33 34 49 32 38 INCR=25
14 6 2 2 2 4 19 6 25 3 2 4 23 8 5 4 9 26 24 16 29 30 17 17 18 45 16 15 14 37 39 20 9 33 34 31 32 38 17 50 25 49 45 28 41 45 47 49 36 46 INCR=12
14 6 2 2 2 4 19 6 5 3 2 4 23 8 25 4 9 17 18 16 16 15 14 26 24 20 9 30 17 31 32 38 17 33 25 37 39 28 29 45 34 49 36 45 41 50 47 49 45 46 INCR=6
2 2 2 14 6 4 3 2 4 19 6 5 4 8 17 18 9 16 15 14 25 23 16 9 24 17 26 30 20 17 32 25 31 33 28 29 39 34 37 36 38 41 45 45 49 45 46 49 50 47 INCR=3
2 2 2 2 3 4 4 4 5 6 6 8 9 9 14 14 15 16 16 17 17 17 18 19 20 23 24 25 25 26 28 29 30 31 32 33 34 36 37 38 39 41 45 45 45 46 47 49 49 50 INCR=1
45 8 2 4 9 45 19 41 25 47 31 4 23 17 50 25 2 4 28 9 29 34 49 32 36 14 16 15 14 37 26 20 16 45 30 2 18 46 6 5 2 49 39 24 6 33 3 17 17 38 SEQ=KNUTH
2 8 2 4 6 33 3 17 17 38 31 4 23 17 50 25 2 4 28 9 29 34 49 32 36 14 16 15 14 37 26 20 16 45 30 2 18 46 6 5 45 49 39 24 9 45 19 41 25 47 INCR=40
2 8 2 2 4 28 3 17 17 38 31 4 14 16 15 14 4 6 20 9 29 30 2 18 36 6 5 45 25 37 24 9 16 19 34 25 32 46 23 17 50 49 39 26 33 45 45 41 49 47 INCR=13
2 8 2 2 4 28 3 4 14 16 15 14 4 6 20 9 17 30 2 17 29 6 5 18 25 37 24 9 16 19 31 25 32 38 23 17 36 46 34 26 33 45 39 41 49 47 45 45 50 49 INCR=4
2 2 2 2 3 4 4 4 5 6 6 8 9 9 14 14 15 16 16 17 17 17 18 19 20 23 24 25 25 26 28 29 30 31 32 33 34 36 37 38 39 41 45 45 45 46 47 49 49 50 INCR=1
45 8 2 4 9 45 19 41 25 47 31 4 23 17 50 25 2 4 28 9 29 34 49 32 36 14 16 15 14 37 26 20 16 45 30 2 18 46 6 5 2 49 39 24 6 33 3 17 17 38 SEQ=CIURA
32 8 2 4 9 14 19 26 20 16 31 4 2 17 46 6 2 2 28 9 24 6 33 3 17 14 16 15 45 37 41 25 47 45 30 23 18 50 25 5 4 49 39 29 34 49 45 36 17 38 INCR=23
31 4 2 4 9 6 2 2 20 9 24 6 2 3 17 14 16 15 28 16 32 8 33 17 30 14 18 26 25 5 4 25 39 29 34 23 19 36 17 37 41 49 47 45 46 49 45 50 45 38 INCR=10
9 4 2 2 20 6 2 4 2 3 17 6 16 9 24 14 31 8 28 16 30 14 18 17 25 5 4 25 32 15 33 23 19 29 17 26 39 36 34 37 41 49 45 45 45 38 47 50 46 49 INCR=4
2 2 2 2 3 4 4 4 5 6 6 8 9 9 14 14 15 16 16 17 17 17 18 19 20 23 24 25 25 26 28 29 30 31 32 33 34 36 37 38 39 41 45 45 45 46 47 49 49 50 INCR=1
40 7 70 44 10 19 28 40 4 45 16 65 45 6 5 64 48 16 41 45 49 71 66 71 2 71 41 48 58 23 47 5 37 23 21 46 40 56 67 41 69 13 54 45 64 5 37 47 6 38 59 66 12 18 63 18 13 30 45 58 23 36 59 51 28 62 22 7 42 50 11 21 50 SEQ=SHELL
40 7 67 41 10 13 28 40 4 5 16 47 6 6 5 64 12 16 41 18 13 30 45 58 2 36 41 48 28 23 22 5 37 23 11 21 40 56 70 44 69 19 54 45 64 45 37 65 45 38 59 66 48 18 63 45 49 71 66 71 23 71 59 51 58 62 47 7 42 50 21 46 50 INCR=36
40 7 13 30 10 13 2 36 4 5 16 23 6 5 5 23 11 16 40 18 67 41 45 19 28 40 41 45 28 47 22 6 37 64 12 18 41 45 49 44 66 58 23 45 59 48 37 62 45 7 42 50 21 21 50 56 70 71 69 71 54 71 64 51 58 65 47 38 59 66 48 46 63 INCR=18
5 7 13 6 5 5 2 11 4 40 16 23 30 10 13 23 36 16 40 18 47 22 6 19 28 12 18 41 28 49 41 45 37 23 40 41 45 37 62 44 7 42 50 21 21 48 45 67 45 66 58 54 45 59 50 56 65 47 38 59 64 48 46 51 58 70 71 69 71 66 71 64 63 INCR=9
5 5 2 6 4 7 13 11 5 10 13 23 30 16 16 18 36 22 6 19 28 12 18 23 28 40 40 41 37 23 40 41 45 37 41 44 7 42 50 21 21 48 45 45 45 49 58 54 45 59 50 56 47 47 38 59 64 48 46 51 58 66 62 67 65 66 71 64 63 70 71 69 71 INCR=4
2 5 4 6 5 7 5 10 13 11 13 16 16 18 30 22 6 19 28 12 18 23 28 23 36 40 37 23 40 41 40 37 41 41 7 42 45 21 21 44 45 45 45 48 50 49 45 54 50 56 47 47 38 59 58 48 46 51 58 59 62 66 64 66 65 64 63 67 71 69 71 70 71 INCR=2
2 4 5 5 5 6 6 7 7 10 11 12 13 13 16 16 18 18 19 21 21 22 23 23 23 28 28 30 36 37 37 38 40 40 40 41 41 41 42 44 45 45 45 45 45 46 47 47 48 48 49 50 50 51 54 56 58 58 59 59 62 63 64 64 65 66 66 67 69 70 71 71 71 INCR=1
40 7 70 44 10 19 28 40 4 45 16 65 45 6 5 64 48 16 41 45 49 71 66 71 2 71 41 48 58 23 47 5 37 23 21 46 40 56 67 41 69 13 54 45 64 5 37 47 6 38 59 66 12 18 63 18 13 30 45 58 23 36 59 51 28 62 22 7 42 50 11 21 50 SEQ=KNUTH
40 7 54 44 10 5 28 40 4 38 16 65 12 6 5 18 13 16 41 45 23 36 59 51 2 62 22 7 42 23 11 5 37 23 21 46 40 56 67 41 69 13 70 45 64 19 37 47 6 45 59 66 45 18 63 64 48 30 45 58 49 71 66 71 28 71 41 48 58 50 47 21 50 INCR=40
6 5 18 13 10 5 28 23 4 38 16 2 12 22 7 42 23 11 5 37 23 21 46 40 56 62 40 7 13 44 16 41 19 37 36 6 45 59 66 41 18 54 64 45 30 45 40 47 59 51 65 28 45 41 48 58 48 47 21 50 49 71 66 71 67 71 69 63 70 50 64 45 58 INCR=13
6 5 18 13 4 5 16 2 10 22 7 23 12 11 5 37 23 21 28 40 23 38 40 7 13 44 16 41 19 37 36 6 45 59 46 41 18 54 64 42 30 45 40 45 56 51 65 28 45 41 48 47 48 47 21 50 49 62 66 58 59 71 66 63 67 50 64 45 58 71 69 71 70 INCR=4
2 4 5 5 5 6 6 7 7 10 11 12 13 13 16 16 18 18 19 21 21 22 23 23 23 28 28 30 36 37 37 38 40 40 40 41 41 41 42 44 45 45 45 45 45 46 47 47 48 48 49 50 50 51 54 56 58 58 59 59 62 63 64 64 65 66 66 67 69 70 71 71 71 INCR=1
40 7 70 44 10 19 28 40 4 45 16 65 45 6 5 64 48 16 41 45 49 71 66 71 2 71 41 48 58 23 47 5 37 23 21 46 40 56 67 41 69 13 54 45 64 5 37 47 6 38 59 66 12 18 63 18 13 30 45 58 23 36 59 51 28 62 22 7 42 50 11 21 50 SEQ=CIURA
30 7 58 23 10 19 28 28 4 22 7 42 45 6 5 50 48 16 41 45 49 71 66 71 2 71 41 48 58 23 47 5 37 23 21 46 40 56 67 41 69 13 54 45 64 5 37 47 6 38 59 66 12 18 63 18 13 40 45 70 44 36 59 51 40 62 45 16 65 50 11 21 64 INCR=57
30 2 58 23 10 19 23 28 4 22 7 21 45 6 5 50 41 16 13 45 45 64 5 37 7 6 38 48 58 12 18 5 18 13 40 45 40 44 36 48 51 40 54 45 16 65 50 11 21 41 59 66 28 47 63 37 23 42 46 70 56 67 59 69 41 62 49 71 66 71 47 71 64 INCR=23
7 2 45 6 5 19 23 16 4 22 30 21 5 23 7 6 38 28 13 12 18 5 18 13 10 45 40 44 36 45 45 40 54 37 16 50 41 11 21 41 51 64 28 45 40 37 23 42 46 48 56 66 58 47 41 62 49 48 58 70 47 67 59 69 63 65 50 71 66 71 59 71 64 INCR=10
5 2 23 6 4 19 30 16 5 22 7 6 7 23 13 12 18 5 18 13 10 28 40 21 36 45 45 40 38 37 16 44 41 11 21 41 51 45 28 45 40 37 23 42 46 48 45 50 54 47 41 62 49 48 56 66 47 64 58 69 58 65 50 70 63 67 59 71 64 71 59 71 66 INCR=4
2 4 5 5 5 6 6 7 7 10 11 12 13 13 16 16 18 18 19 21 21 22 23 23 23 28 28 30 36 37 37 38 40 40 40 41 41 41 42 44 45 45 45 45 45 46 47 47 48 48 49 50 50 51 54 56 58 58 59 59 62 63 64 64 65 66 66 67 69 70 71 71 71 INCR=1
93 82 83 89 11 91 88 48 34 98 14 37 84 16 4 45 74 76 33 79 89 10 26 72 73 59 42 56 3 57 42 51 71 5 44 18 48 84 90 50 88 46 75 85 92 35 40 48 72 10 69 68 75 54 58 9 50 81 78 17 93 79 71 70 84 54 26 44 36 53 54 94 5 52 73 59 9 52 24 23 61 85 24 90 90 30 74 78 17 14 92 24 29 56 62 81 5 24 SEQ=SHELL
10 69 68 75 11 58 9 48 34 78 14 37 79 16 4 45 54 26 33 36 53 10 26 5 52 59 42 9 3 24 23 51 71 5 44 18 30 74 78 17 14 46 24 29 56 35 40 5 24 93 82 83 89 54 91 88 50 81 98 17 93 84 71 70 84 74 76 44 79 89 54 94 72 73 73 59 56 52 57 42 61 85 24 90 90 48 84 90 50 88 92 75 85 92 62 81 48 72 INCR=49
10 59 42 9 3 24 9 48 34 5 14 18 30 16 4 17 14 26 24 29 53 10 26 5 24 69 68 75 11 54 23 51 50 78 44 17 79 74 71 45 54 46 33 36 56 35 40 5 52 73 73 59 56 52 57 42 61 81 24 37 90 48 78 70 50 74 76 44 79 89 54 81 48 72 82 83 89 58 91 88 71 85 98 90 93 84 84 90 84 88 92 75 85 92 62 94 72 93 INCR=24
10 16 4 9 3 24 9 29 34 5 14 5 24 59 42 17 11 26 23 48 50 10 26 17 30 69 68 45 14 46 24 36 53 35 40 5 52 73 71 59 54 52 33 42 56 78 24 18 79 48 73 70 50 54 57 44 61 81 44 37 48 72 78 75 56 58 76 51 71 85 54 81 90 74 82 83 84 74 91 75 79 89 62 90 72 84 84 90 89 88 92 88 85 92 98 94 93 93 INCR=12
9 16 4 5 3 5 10 29 34 9 11 24 23 48 42 10 14 17 24 59 50 17 14 26 24 36 53 35 26 5 30 69 68 45 40 46 33 42 56 59 24 18 52 48 71 70 50 52 57 44 61 78 44 37 48 72 73 75 54 54 76 51 71 81 54 58 79 73 78 83 56 74 90 74 79 85 62 81 72 75 82 89 84 88 91 84 84 90 89 90 92 88 85 92 98 94 93 93 INCR=6
5 3 4 9 16 5 9 11 24 10 29 34 10 14 17 23 48 42 17 14 26 24 36 50 24 26 5 30 59 53 35 40 46 33 42 56 45 24 18 52 48 68 59 50 52 57 44 61 70 44 37 48 69 71 75 54 54 76 51 71 78 54 58 79 72 73 81 56 74 83 73 78 85 62 79 72 74 81 89 75 82 90 84 84 90 84 88 91 88 85 92 89 90 92 93 94 93 98 INCR=3
3 4 5 5 5 9 9 10 10 11 14 14 16 17 17 18 23 24 24 24 24 26 26 29 30 33 34 35 36 37 40 42 42 44 44 45 46 48 48 48 50 50 51 52 52 53 54 54 54 56 56 57 58 59 59 61 62 68 69 70 71 71 72 72 73 73 74 74 75 75 76 78 78 79 79 81 81 82 83 84 84 84 85 85 88 88 89 89 90 90 90 91 92 92 93 93 94 98 INCR=1
93 82 83 89 11 91 88 48 34 98 14 37 84 16 4 45 74 76 33 79 89 10 26 72 73 59 42 56 3 57 42 51 71 5 44 18 48 84 90 50 88 46 75 85 92 35 40 48 72 10 69 68 75 54 58 9 50 81 78 17 93 79 71 70 84 54 26 44 36 53 54 94 5 52 73 59 9 52 24 23 61 85 24 90 90 30 74 78 17 14 92 24 29 56 62 81 5 24 SEQ=KNUTH
88 46 75 85 11 35 40 48 34 10 14 37 75 16 4 9 50 76 33 17 89 10 26 70 73 54 26 44 3 53 42 51 5 5 44 18 9 52 24 23 61 82 24 89 90 30 74 48 17 14 69 24 29 54 58 45 5 24 78 79 93 79 71 72 84 59 42 56 36 57 54 94 71 52 73 59 48 84 90 50 93 85 83 90 92 91 88 78 72 98 92 68 84 56 62 81 74 81 INCR=40
16 4 9 50 11 33 17 48 10 10 14 37 54 26 44 3 53 42 35 5 5 34 18 9 52 24 23 46 75 24 76 51 30 74 44 17 14 69 24 29 54 58 45 5 24 40 79 48 26 70 72 75 59 42 56 36 57 54 78 71 52 73 59 48 84 88 50 82 85 83 90 92 89 88 78 71 73 84 68 61 56 62 81 74 81 91 93 79 72 98 92 90 84 93 85 89 90 94 INCR=13
11 4 9 48 10 10 14 37 16 26 17 3 53 33 35 5 5 34 18 9 52 24 23 46 54 24 44 50 30 42 44 17 14 69 24 29 54 58 45 5 24 40 76 48 26 70 72 51 59 42 56 36 57 54 78 71 52 73 59 48 75 74 50 75 84 83 79 82 85 88 78 71 73 84 68 61 56 62 81 74 81 88 90 79 72 91 92 90 84 93 85 89 89 94 93 92 90 98 INCR=4
3 4 5 5 5 9 9 10 10 11 14 14 16 17 17 18 23 24 24 24 24 26 26 29 30 33 34 35 36 37 40 42 42 44 44 45 46 48 48 48 50 50 51 52 52 53 54 54 54 56 56 57 58 59 59 61 62 68 69 70 71 71 72 72 73 73 74 74 75 75 76 78 78 79 79 81 81 82 83 84 84 84 85 85 88 88 89 89 90 90 90 91 92 92 93 93 94 98 INCR=1
93 82 83 89 11 91 88 48 34 98 14 37 84 16 4 45 74 76 33 79 89 10 26 72 73 59 42 56 3 57 42 51 71 5 44 18 48 84 90 50 88 46 75 85 92 35 40 48 72 10 69 68 75 54 58 9 50 81 78 17 93 79 71 70 84 54 26 44 36 53 54 94 5 52 73 59 9 52 24 23 61 85 24 90 90 30 74 78 17 14 92 24 29 56 62 81 5 24 SEQ=CIURA
81 78 17 89 11 71 70 48 34 26 14 36 53 16 4 5 52 73 33 9 52 10 23 61 73 24 42 56 3 57 42 17 14 5 24 18 48 62 81 5 24 46 75 85 92 35 40 48 72 10 69 68 75 54 58 9 50 93 82 83 93 79 91 88 84 54 98 44 37 84 54 94 45 74 76 59 79 89 24 26 72 85 59 90 90 30 74 78 51 71 92 44 29 56 84 90 50 88 INCR=57
61 73 17 42 11 3 57 42 17 14 5 24 18 16 4 5 5 24 33 9 52 10 23 40 48 24 10 56 68 70 48 34 9 14 36 53 48 62 79 52 73 46 54 85 44 35 81 54 72 45 69 71 59 54 58 24 26 72 82 59 90 81 30 74 78 51 71 92 37 29 56 84 89 50 76 75 79 89 26 50 93 85 83 93 90 91 88 84 75 98 92 44 84 78 94 90 74 88 INCR=23
5 24 17 16 4 3 5 24 17 9 52 10 18 40 11 5 10 42 33 14 48 34 9 14 36 24 48 56 68 52 61 46 23 42 44 35 57 54 72 45 69 71 54 54 48 24 26 62 79 59 73 73 30 74 58 51 71 72 37 29 56 81 59 50 76 53 79 89 26 50 90 84 83 85 78 75 81 84 75 70 92 44 84 78 90 90 74 88 82 98 93 85 89 93 94 91 88 92 INCR=10
4 3 5 16 5 9 17 10 17 24 11 5 10 40 33 14 18 34 9 14 36 24 48 24 48 42 52 46 23 42 44 35 57 52 61 45 68 54 54 54 48 24 26 56 69 59 72 62 30 71 58 51 71 72 37 29 56 74 59 50 76 53 73 73 26 50 79 84 79 81 78 75 81 84 75 70 83 44 84 78 90 85 74 88 82 90 90 85 89 93 93 89 88 92 94 91 92 98 INCR=4
3 4 5 5 5 9 9 10 10 11 14 14 16 17 17 18 23 24 24 24 24 26 26 29 30 33 34 35 36 37 40 42 42 44 44 45 46 48 48 48 50 50 51 52 52 53 54 54 54 56 56 57 58 59 59 61 62 68 69 70 71 71 72 72 73 73 74 74 75 75 76 78 78 79 79 81 81 82 83 84 84 84 85 85 88 88 89 89 90 90 90 91 92 92 93 93 94 98 INCR=1
